[[0, 10.413636646909897, 50.162326030899806, 195.601411224758, 613.577, 578.168, 1025.829, 1001.365, 1158.406, 578.537, 191.8482985180003, 650.596, 622.381, 1023.623, 486.046, 195.71644326349067, 1019.048, 805.986, 414.159, 400.807, 676.82, 362.8, 362.962, 894.896, 763.007, 249.67454934769032, 217.88251728306795, 706.079, 478.81, 397.043, 19.53856198859984, 447.495, 178.06834921513982, 89.3463516568445, 170.17691128633487, 198.36028026244384, 376.735, 377.51633460065926, 1263.926, 722.091, 519.923, 580.889, 643.208, 1186.364, 560.166, 678.662, 681.616, 667.678, 672.934, 477.694, 1063.039, 219.38501723436218, 176.73079705020447, 430.093, 444.077, 1230.624, 974.414, 860.078, 366.549872099448, 670.048, 608.501, 214.84624459666074, 230.4903735190995, 956.243, 606.767, 1135.481, 59.625233564495225, 57.15289390740235, 623.806, 534.579, 522.888, 139.54344579103832, 240.86671263116065, 337.518, 734.559, 167.15906747149984, 766.776, 718.885, 1370.513, 583.365, 720.274, 1018.915, 808.889, 896.715, 661.042, 414.417, 952.232, 1220.213, 918.684, 591.582, 550.411, 501.84, 123.4074833031534, 547.787, 512.75, 506.203, 10.056860058001172, 14.715072267548164, 202.8224870948966, 1149.815, 740.651, 625.277, 357.569, 621.448, 690.866, 999.955, 1100.215, 619.741, 652.41, 219.51133401385303, 1261.225, 992.823, 1007.036, 939.831, 652.51, 598.4, 912.022, 709.748, 744.038, 547.859, 1101.068, 1210.485, 649.282, 371.8300277303644, 723.567, 880.576, 425.369, 651.292, 907.878, 1105.371, 1034.07, 191.46607413019635, 686.636, 452.748, 639.846, 646.625, 678.307, 616.838, 540.618, 410.095, 629.595, 940.633, 575.044120903377, 584.996, 899.887, 384.809, 566.257, 514.125, 533.924, 954.4084341628477, 1227.81, 897.439, 1018.594, 218.52187457523758, 207.34765391765285, 333.22, 504.128, 498.13, 621.795, 598.948, 781.151, 585.896, 573.598, 194.17315681861444, 689.77, 491.383, 464.709, 586.089, 165.20866338081464, 174.80420480277445, 558.069, 904.077, 1308.384, 397.605, 348.702, 355.392, 359.363, 339.163, 561.165, 1031.619], [10.413636646909897, 0, 60.33150930654623, 205.35302673435277, 598.343, 562.934, 1015.36, 990.896, 1147.937, 568.068, 191.74298697218546, 661.582, 607.148, 1013.154, 497.032, 193.65799645234247, 1008.579, 816.972, 425.145, 404.679, 687.806, 366.673, 352.493, 884.427, 752.538, 241.67228457926842, 228.21155602863863, 690.846, 482.683, 386.574, 21.056807867247162, 451.368, 169.31596493783974, 89.35031409068603, 178.31306796614618, 207.27904597890696, 387.721, 387.4454874868958, 1274.912, 733.077, 509.454, 584.762, 632.739, 1175.895, 544.932, 663.428, 666.382, 657.209, 662.465, 426.819, 1074.025, 210.17924244707862, 166.90799225910823, 441.079, 455.063, 1220.155, 963.945, 844.845, 357.1071999508476, 659.58, 598.032, 205.89464231109912, 235.11488489589289, 945.774, 596.298, 1125.012, 54.84091608905171, 51.75685129071454, 613.337, 524.11, 512.419, 130.49994788156013, 330.299, 348.504, 724.09, 157.15361426209023, 758.128, 708.416, 1360.044, 572.896, 709.805, 1008.446, 798.42, 881.481, 664.915, 425.403, 941.763, 1210.021, 908.215, 581.113, 539.942, 493.192, 133.5338221328536, 558.773, 502.281, 495.734, 20.141251139401025, 25.109779121381873, 194.19396553976284, 1160.801, 751.637, 636.263, 347.1, 612.8, 682.218, 989.486, 1089.746, 609.272, 637.177, 228.99429543720055, 1250.756, 982.354, 996.567, 929.362, 642.041, 587.931, 896.788, 694.515, 733.569, 537.39, 1090.599, 1200.016, 638.814, 381.0275861506276, 727.44, 865.343, 436.355, 640.823, 897.409, 1094.902, 1023.601, 200.78085689852054, 671.402, 463.734, 650.832, 657.611, 663.073, 627.824, 525.385, 413.968, 614.362, 930.164, 566.5627717817508, 595.982, 910.873, 388.682, 551.024, 498.892, 518.69, 944.353093890439, 1217.618, 908.425, 1029.579, 215.96509026089447, 206.95608021816653, 344.206, 493.659, 487.661, 611.326, 588.479, 770.959, 589.769, 584.584, 185.19325547987057, 674.537, 495.255, 475.695, 570.856, 174.8853656974156, 184.54336499340883, 549.421, 888.844, 1319.369, 401.478, 352.575, 344.923, 348.894, 328.694, 572.151, 1042.604], [50.162326030899806, 60.33150930654623, 0, 156.99750721520385, 618.282, 582.873, 1093.77, 1069.306, 1226.347, 598.773, 188.34868826217206, 623.779, 627.087, 1091.563, 444.214, 201.39282347737077, 1086.989, 764.154, 387.343, 344.795, 634.988, 239.16052940446107, 363.284, 962.837, 830.948, 413.321, 168.09852886452595, 710.785, 422.798, 464.984, 51.54828651412701, 391.483, 216.1809649634087, 114.52769827225605, 145.90347185804882, 167.08178845342167, 333.905, 327.50353072517333, 1221.096, 695.275, 540.159, 524.877, 711.149, 1254.305, 564.871, 683.367, 686.321, 735.619, 740.875, 366.934, 1020.209, 381.966, 226.73450149253173, 387.263, 401.247, 1298.565, 1042.355, 864.784, 415.91052207793564, 737.989, 628.737, 340.578, 202.8033492186519, 1024.184, 674.708, 1203.422, 101.69490809666533, 100.69523554917913, 691.747, 554.815, 543.124, 179.8385030265533, 191.14093723023086, 221.37955646501527, 802.5, 212.34319816051993, 753.533, 786.826, 1438.454, 651.306, 788.215, 1086.856, 876.83, 901.42, 605.03, 372.584, 1020.173, 1206.97, 986.625, 659.523, 580.424, 488.597, 82.36547975384453, 505.954, 518.581, 574.144, 42.229776818421286, 36.471488285498744, 239.92156183629535, 1107.983, 698.818, 598.461, 337.816, 608.206, 677.623, 1067.896, 1168.156, 649.754, 657.116, 183.01890953368854, 1329.166, 1060.764, 1074.977, 1007.772, 720.451, 666.341, 916.727, 714.454, 811.979, 568.424, 1169.009, 1278.426, 717.223, 323.55443435667115, 667.555, 885.282, 398.553, 684.958, 975.819, 1173.312, 1102.011, 157.02820808181764, 691.341, 425.932, 613.03, 619.809, 683.012, 590.022, 545.324, 354.083, 634.301, 1008.574, 621.9855994370282, 542.166, 858.055, 328.797, 570.962, 518.831, 538.629, 1004.5578889354232, 1214.567, 854.608, 975.763, 225.80024460426372, 204.6261847135124, 214.83200172908568, 489.973, 456.644, 689.736, 666.889, 767.908, 529.884, 531.766, 233.23237155849208, 694.476, 435.371, 437.893, 590.795, 115.86853031808705, 125.26953424798248, 544.826, 908.783, 1265.553, 341.593, 229.80579442492981, 240.2707123691, 359.686, 359.41, 519.332, 988.788], [195.601411224758, 205.35302673435277, 156.99750721520385, 0, 669.654, 653.699, 1239.446, 1214.983, 1372.024, 757.328, 402.386, 463.227, 673.178, 1237.24, 377.924, 414.303, 1110.005, 697.864, 170.94043054039705, 486.49, 568.698, 248.0407452984185, 521.839, 1108.514, 976.624, 558.997, 104.19625152741563, 781.61, 492.733, 610.661, 205.40574283342468, 502.969, 434.921, 188.6395005485998, 64.3041521784863, 37.09851816527595, 162.0552821871951, 256.4098245464257, 1068.851, 532.956, 698.714, 638.938, 856.825, 1399.981, 635.697, 754.192, 757.147, 881.295, 886.552, 369.571, 926.404, 527.643, 456.301, 216.23711077267333, 222.90632875312474, 1444.242, 1188.032, 850.51, 522.3166894358884, 883.666, 787.291, 486.459, 386.013, 1169.86, 820.384, 1349.098, 214.9283515357299, 217.27177483351448, 837.423, 713.369, 701.678, 382.612, 160.1770575466426, 154.3252086347586, 948.177, 448.097, 706.22, 932.502, 1584.13, 796.982, 933.892, 1232.533, 1022.507, 972.245, 719.091, 228.47679009633492, 1165.849, 1159.657, 1132.301, 805.2, 738.978, 441.283, 74.66195899437128, 439.664, 660.277, 719.821, 185.54493129793602, 181.5446261610078, 464.789, 1041.693, 632.528, 437.909, 496.37, 560.892, 630.31, 1213.572, 1313.832, 808.309, 727.941, 27.747390156651885, 1474.842, 1080.045, 1220.653, 1153.449, 866.127, 812.018, 987.552, 785.279, 957.656, 726.978, 1314.686, 1424.103, 862.9, 286.08825639694464, 781.615, 956.107, 174.74140591440508, 755.783, 1121.496, 1318.989, 1247.688, 21.259965670445755, 762.167, 190.84432811825013, 452.478, 459.257, 615.552, 429.47, 616.149, 475.201, 686.521, 1154.251, 702.7767616890683, 448.361, 791.765, 497.698, 697.232, 589.656, 609.455, 1118.4288586305127, 1167.254, 702.363, 823.518, 450.805, 426.987, 137.63316696962147, 631.668, 598.339, 835.412, 812.565, 720.594, 643.945, 465.476, 455.546, 654.072, 447.466, 191.31932634448316, 661.62, 136.378952035578, 135.32416040770985, 497.513, 979.608, 1171.749, 426.877, 461.591, 507.702, 518.24, 517.964, 453.042, 894.984], [613.577, 598.343, 618.282, 669.654, 0, 31.379302469184978, 1167.061, 1143.885, 1397.215, 1013.474, 797.178, 557.187, 11.149258840994353, 949.669, 1010.277, 789.019, 528.948, 1330.217, 652.099, 943.789, 1201.051, 905.783, 896.555, 801.999, 514.235, 774.782, 789.453, 177.85387648509635, 1021.793, 588.015, 616.551, 990.478, 650.292, 307.03100735442246, 604.126, 642.5, 900.966, 699.9495139763645, 1557.788, 1021.893, 990.182, 1123.872, 1065.871, 924.832, 68.10296565686907, 139.38355796610875, 165.88017039110403, 481.487, 527.139, 1001.925, 1587.27, 378.324, 449.563, 954.324, 968.308, 1074.107, 582.709, 216.35038892975868, 266.7017046264875, 1054.546, 1039.841, 248.73824913076157, 843.313, 867.718, 452.305, 947.922, 532.939, 541.894, 898.98, 965.918, 954.365, 652.299, 843.544, 861.749, 997.124, 578.693, 197.2615836805812, 527.263, 1215.0, 589.494, 528.668, 757.383, 988.271, 391.189, 1204.025, 938.648, 690.7, 675.9, 994.396, 1014.246, 966.587, 155.49513104442826, 656.804, 1072.018, 1046.343, 615.143, 619.669, 615.64, 671.298, 1674.046, 1264.882, 620.982, 891.162, 135.5310476082809, 134.6103439919569, 1142.474, 1150.515, 1035.917, 120.91391455063503, 680.49, 999.693, 475.352, 1149.555, 678.299, 785.226, 880.216, 406.495, 193.7013088094106, 552.416, 1041.5, 1151.368, 948.953, 904.574, 720.3334283389742, 1266.55, 375.05, 586.007, 147.6148916934237, 641.212, 843.839, 772.538, 647.97, 175.34088086375226, 657.012, 644.31, 841.285, 56.983866649894985, 661.911, 70.21318901010376, 953.078, 6.1890322185016675, 991.705, 311.59242198537265, 1109.227, 1424.118, 927.792, 21.734137128131497, 84.23187567128205, 47.93351033803883, 769.8510025845505, 683.497, 1191.3, 1312.455, 825.522, 664.427, 857.451, 1037.721, 1031.722, 907.094, 906.354, 183.78662186966298, 1128.879, 1097.829, 648.895, 54.83663721344941, 1034.365, 603.597, 34.67186068842605, 788.964, 799.583, 117.24295699718047, 398.551, 1832.615, 940.588, 891.685, 888.985, 892.956, 872.756, 1085.396, 1555.849], [578.168, 562.934, 582.873, 653.699, 31.379302469184978, 0, 1139.074, 1115.897, 1369.227, 979.103, 762.808, 589.156, 29.143122413422063, 921.681, 960.728, 754.649, 498.166, 1280.668, 684.068, 909.419, 1151.501, 871.413, 862.185, 774.012, 486.247, 740.411, 746.768, 146.61511126072435, 987.423, 553.644, 582.181, 956.107, 615.922, 320.46167180332316, 589.019, 627.394, 851.417, 720.7065109467286, 1589.757, 1053.862, 955.812, 1089.502, 1037.883, 894.05, 38.10471710589879, 110.57661515465492, 134.5602423387731, 453.499, 499.151, 952.375, 1537.721, 343.954, 415.192, 904.775, 918.759, 1046.119, 551.926, 218.8899684729922, 244.22867810315552, 1026.558, 1005.47, 243.28426869666987, 808.943, 839.73, 424.318, 917.139, 498.569, 507.523, 870.992, 931.548, 919.995, 617.929, 793.995, 812.2, 969.136, 544.323, 226.03779119319051, 499.275, 1184.218, 561.506, 500.681, 726.601, 960.284, 360.407, 1169.655, 889.098, 659.918, 668.551, 966.408, 986.258, 932.217, 185.72871049325363, 622.434, 1022.468, 1011.973, 587.156, 585.298, 581.27, 636.928, 1624.497, 1215.332, 652.951, 856.792, 166.13567853689582, 161.9386456978092, 1114.486, 1122.527, 1001.547, 90.17460732280342, 665.383, 968.911, 447.364, 1121.568, 647.517, 757.238, 852.228, 375.713, 162.3228907107193, 524.428, 1007.13, 1123.381, 918.171, 876.586, 738.8286746334724, 1232.179, 344.268, 617.976, 117.41358230171613, 610.43, 813.057, 741.756, 632.863, 144.04915798529632, 688.981, 676.279, 873.254, 84.91625788405373, 693.88, 43.069616896517275, 918.708, 35.21538182605016, 963.717, 280.26474255308375, 1059.678, 1374.569, 893.422, 13.820844162370586, 65.17254391356293, 28.143338985490036, 738.473019001443, 676.148, 1223.269, 1344.424, 791.152, 630.057, 807.902, 1003.35, 997.352, 879.107, 878.367, 199.3318919901881, 1094.509, 1048.279, 614.525, 68.63412615992658, 999.995, 635.566, 7.109584693591596, 729.855, 740.474, 148.58894033765878, 367.769, 1783.065, 906.218, 857.315, 854.615, 858.586, 838.386, 1035.846, 1506.3], [1025.829, 1015.36, 1093.77, 1239.446, 1167.061, 1139.074, 0, 38.13932632405579, 341.847, 717.268, 1025.586, 1673.282, 1172.067, 124.264, 1447.601, 984.799, 967.143, 1711.671, 1444.817, 1084.306, 1515.414, 1310.501, 939.083, 216.40855850028532, 813.169, 828.981, 1302.744, 1045.443, 1254.03, 737.958, 1042.46, 1217.001, 824.876, 851.9537979662192, 1260.333, 1272.012, 1407.342, 1179.4445548085498, 2264.64, 1752.749, 767.331, 1205.712, 560.406, 534.978, 1113.374, 1088.743, 1035.766, 727.457, 689.693, 1371.927, 2017.927, 949.711, 948.77, 1430.807, 1444.791, 209.77800147910082, 922.51, 1347.729, 578.8368435665542, 550.088, 680.236, 964.957, 1141.934, 394.951, 715.434, 512.457, 1064.963, 1055.762, 434.401, 763.392, 732.712, 871.408, 1314.786, 1357.468, 446.551, 847.352, 1380.389, 697.573, 441.84, 628.121, 770.436, 720.9, 186.55197532516414, 1067.804, 1356.678, 1375.972, 770.2, 1772.33, 103.81817187011555, 532.218, 667.89, 1389.821, 1178.41, 1453.471, 1021.746, 682.394, 1052.943, 1054.14, 817.624, 2055.5, 1646.335, 1655.935, 1002.953, 1358.234, 1304.479, 58.742750615913366, 58.342871826441254, 640.401, 1074.838, 1283.67, 638.851, 962.915, 55.332832341423305, 794.653, 471.627, 463.006, 1053.709, 1003.595, 710.456, 819.711, 59.22969195133439, 588.111, 404.671, 1146.3064738691933, 1448.228, 1079.59, 1463.361, 992.644, 838.197, 621.39, 699.944, 1258.018, 1025.412, 1483.406, 1670.504, 1677.283, 1227.993, 1647.496, 1118.402, 1217.806, 1179.281, 93.5031198276226, 603.8542019289462, 1521.651, 1805.572, 1183.062, 1147.064, 1141.977, 1145.188, 420.99888280200986, 1779.927, 1898.153, 2019.307, 964.653, 843.885, 1363.878, 1060.098, 1096.472, 442.515, 452.221, 1333.268, 1206.201, 1479.283, 817.046, 1236.2, 1300.812, 1480.951, 1135.775, 1244.094, 1254.713, 1334.016, 1064.678, 2263.271, 1242.666, 1193.763, 1055.033, 933.441, 889.663, 1449.007, 1986.506], [1001.365, 990.896, 1069.306, 1214.983, 1143.885, 1115.897, 38.13932632405579, 0, 296.135, 680.229, 988.547, 1636.243, 1149.599, 167.986, 1410.562, 947.76, 1010.866, 1674.632, 1407.778, 1047.267, 1478.375, 1273.462, 902.044, 226.68477753988606, 790.701, 791.941, 1265.705, 1022.975, 1216.991, 699.375, 1005.421, 1179.962, 787.837, 852.6763981466074, 1223.294, 1234.973, 1370.303, 1170.0529990495036, 2227.601, 1715.71, 730.292, 1168.673, 523.367, 578.7, 1090.906, 1066.274, 1013.298, 704.988, 667.225, 1334.888, 1980.888, 927.014, 926.072, 1393.768, 1407.752, 247.28781137337654, 966.232, 1325.26, 590.2364691834596, 513.049, 643.197, 942.259, 1104.895, 438.673, 692.966, 556.179, 1027.924, 1018.723, 397.361, 726.353, 695.673, 834.369, 1277.747, 1320.429, 409.512, 810.313, 1357.921, 675.104, 485.562, 605.653, 747.968, 764.622, 172.81199929906612, 1111.527, 1319.639, 1338.933, 813.922, 1749.862, 93.25102987748112, 495.179, 630.851, 1367.353, 1141.371, 1416.432, 984.707, 659.696, 1015.904, 1017.101, 780.585, 2018.461, 1609.296, 1618.896, 965.914, 1335.766, 1282.011, 20.99831611255195, 94.35797906095448, 603.362, 1052.37, 1246.631, 682.573, 1006.637, 20.14554858430068, 838.375, 448.929, 425.967, 1097.431, 981.126, 687.988, 782.672, 95.8679347208224, 631.833, 367.632, 1134.9973645872255, 1411.189, 1123.312, 1426.322, 970.176, 881.919, 665.112, 743.666, 1220.979, 1002.944, 1446.367, 1633.465, 1640.244, 1205.524, 1610.457, 1095.933, 1180.767, 1156.813, 97.35580733234708, 627.7652179191008, 1484.612, 1768.533, 1146.023, 1124.596, 1119.509, 1122.719, 459.08612751921265, 1757.459, 1861.114, 1982.268, 927.614, 806.846, 1326.839, 1023.059, 1059.433, 405.476, 415.182, 1310.8, 1169.162, 1442.244, 780.007, 1213.732, 1263.773, 1443.912, 1113.307, 1207.055, 1217.674, 1311.548, 1108.401, 2226.232, 1205.627, 1156.724, 1017.994, 896.402, 852.624, 1411.968, 1949.467], [1158.406, 1147.937, 1226.347, 1372.024, 1397.215, 1369.227, 341.847, 296.135, 0, 801.852, 1118.118, 1792.613, 1406.535, 442.149, 1566.932, 1104.129, 1285.029, 1796.255, 1564.148, 1168.89, 1599.998, 1383.908, 1023.667, 565.861, 1026.262, 948.311, 1422.075, 1258.536, 1338.614, 855.745, 1161.79, 1301.585, 944.207, 1042.0230371295102, 1379.663, 1391.343, 1526.673, 1305.3566183602875, 2383.971, 1872.079, 851.915, 1290.296, 603.938, 852.863, 1347.843, 1301.836, 1248.859, 940.549, 902.786, 1456.511, 2102.511, 1098.014, 1097.072, 1550.138, 1564.122, 619.836, 1240.395, 1582.197, 819.4030158480776, 593.62, 764.82, 1113.259, 1226.518, 712.836, 949.902, 830.342, 1184.294, 1175.093, 553.731, 847.976, 817.296, 990.739, 1434.116, 1476.799, 486.003, 966.682, 1614.857, 910.665, 759.725, 841.214, 983.529, 1038.785, 406.729, 1385.69, 1441.262, 1495.302, 1088.085, 2006.798, 388.229, 651.548, 752.474, 1470.846, 1297.741, 1538.055, 1106.33, 830.696, 1172.273, 1173.471, 936.955, 2140.084, 1730.919, 1775.265, 1087.537, 1592.702, 1538.947, 235.2665060541023, 391.606, 724.985, 1309.306, 1403.001, 956.736, 1256.078, 233.70962397823044, 1112.538, 599.693, 582.336, 1371.594, 1216.687, 923.549, 904.295, 389.91, 905.996, 524.002, 1260.1716394457658, 1532.812, 1397.475, 1582.692, 1227.113, 1156.082, 939.275, 1017.829, 1377.349, 1238.505, 1602.736, 1789.834, 1796.614, 1462.461, 1766.826, 1352.87, 1302.39, 1413.749, 402.082, 879.2270161922403, 1606.235, 1890.156, 1267.646, 1381.532, 1356.316, 1379.656, 678.0138399126092, 2014.395, 2017.483, 2138.638, 1049.237, 963.215, 1483.209, 1144.682, 1181.056, 561.846, 571.552, 1567.736, 1290.785, 1563.867, 936.377, 1470.668, 1385.396, 1600.281, 1370.244, 1363.425, 1374.043, 1568.484, 1382.564, 2347.855, 1327.25, 1278.347, 1139.617, 1018.025, 974.247, 1533.591, 2071.09], [578.537, 568.068, 598.773, 757.328, 1013.474, 979.103, 717.268, 680.229, 801.852, 0, 389.817, 1186.457, 1020.287, 682.289, 724.457, 358.846, 1128.515, 1018.025, 950.021, 390.661, 806.815, 604.909, 225.07901632698312, 553.562, 872.473, 234.76043309828574, 759.721, 1077.146, 560.384, 474.508, 584.15, 523.356, 382.114, 536.6223194988261, 776.706, 777.216, 808.78, 676.3767480692915, 1567.486, 1258.308, 52.38943050807667, 515.242, 160.54078418778028, 979.174, 958.071, 1128.786, 1058.944, 777.144, 766.596, 678.281, 1324.281, 653.419, 582.18, 788.766, 802.75, 889.29, 1083.881, 1257.984, 538.8016025451132, 166.9513555903787, 34.04529854326323, 668.975, 447.519, 815.551, 734.236, 956.653, 608.865, 599.664, 284.584, 52.63367994939378, 50.10278021291597, 427.446, 716.223, 758.905, 353.005, 434.366, 1228.609, 828.351, 1029.179, 677.026, 829.741, 1020.544, 487.273, 1229.175, 666.208, 704.304, 1061.698, 1623.161, 597.067, 170.9455489147987, 68.34321344681292, 1005.598, 671.195, 759.826, 314.704, 575.852, 594.633, 595.83, 346.795, 1361.854, 952.69, 1161.139, 327.94, 1206.454, 1152.699, 678.338, 758.881, 66.94248550000847, 1085.409, 789.23, 1083.047, 1102.29, 685.419, 1049.298, 417.223, 321.178, 1215.08, 1049.628, 853.505, 74.75437333402355, 759.734, 1032.307, 321.819, 624.1541209026057, 739.629, 1240.961, 961.231, 1003.215, 1017.345, 1065.586, 1047.579, 763.222, 1059.68, 988.61, 1175.708, 1182.487, 1076.212, 1152.7, 938.524, 524.16, 1027.501, 599.299, 742.223199262287, 828.005, 1111.926, 488.646, 964.163, 912.031, 931.829, 910.3910893925822, 1630.757, 1256.111, 1377.266, 320.935, 389.694, 785.037, 348.7, 406.002, 277.529, 295.741, 1184.098, 534.449, 785.637, 364.843, 1087.676, 607.166, 1000.571, 983.995, 707.392, 718.011, 1061.827, 1226.05, 1569.626, 548.251, 499.348, 360.618, 220.55461915811824, 209.99951414627202, 755.362, 1292.861], [191.8482985180003, 191.74298697218546, 188.34868826217206, 402.386, 797.178, 762.808, 1025.586, 988.547, 1118.118, 389.817, 0, 828.985, 805.995, 168.76360167532323, 465.446, 36.55043694651324, 1117.977, 785.387, 592.549, 123.63454157796511, 656.22, 232.1146498419728, 104.6712465359308, 882.77, 861.936, 189.98366369640456, 398.559, 842.805, 365.029, 433.497, 172.37592249541186, 207.6646385529671, 174.0008302257179, 280.9185950178235, 419.234, 419.744, 425.187, 374.45202479785644, 1282.485, 900.836, 328.563, 348.424, 519.629, 1308.382, 743.78, 862.276, 824.602, 766.606, 756.058, 388.492, 1081.599, 431.606, 360.264, 448.652, 462.636, 1218.498, 1073.343, 1043.692, 474.1936486930393, 546.47, 417.141, 446.232, 106.64213058431369, 1039.366, 724.348, 1285.861, 243.55994249072918, 239.52104732810028, 598.927, 343.219, 331.528, 169.92286503009876, 332.631, 375.313, 667.348, 212.62930655344232, 994.36, 817.814, 1358.386, 666.488, 819.203, 1117.844, 796.763, 1080.329, 517.823, 393.817, 1051.161, 1408.869, 906.557, 524.745, 368.828, 729.424, 313.723, 527.187, 201.3706065365044, 565.314, 195.95178620086995, 194.10306888562562, 181.41092810794578, 1129.215, 720.051, 803.667, 76.52304844198686, 849.033, 918.45, 987.828, 1088.089, 438.158, 836.025, 431.758, 1360.154, 1091.752, 994.909, 1038.76, 640.383, 586.274, 1095.636, 846.474, 842.967, 345.78, 1088.942, 1309.414, 637.156, 334.70525147470266, 580.348, 1064.19, 603.759, 768.873, 1006.807, 1204.3, 1132.999, 405.751, 825.338, 631.138, 818.236, 825.015, 861.921, 795.228, 724.232, 183.76068320406486, 813.209, 928.507, 698.3439227314276, 539.295, 879.288, 171.06183564113604, 749.871, 697.74, 717.538, 1014.3639049328539, 1416.466, 915.998, 1037.153, 54.7279890455117, 16.30964951158966, 401.445, 193.32702869556272, 185.73943898263968, 591.872, 586.822, 969.807, 348.913, 552.998, 187.81594759361028, 873.384, 377.602, 643.099, 769.704, 205.41688092905537, 212.83988747525234, 785.653, 1087.691, 1326.943, 184.18625867939397, 153.86842996575007, 71.56555840296231, 109.27247910239039, 108.42937316306936, 540.565, 1050.178], [650.596, 661.582, 623.779, 463.227, 557.187, 589.156, 1673.282, 1636.243, 1792.613, 1186.457, 828.985, 0, 561.306, 1501.827, 836.064, 842.276, 1058.121, 968.017, 173.88460642423473, 914.463, 1026.838, 799.069, 949.812, 1354.158, 1066.393, 980.45, 583.735, 756.087, 950.874, 991.08, 670.455, 961.151, 843.148, 411.4071282562671, 467.817, 414.732, 698.24, 527.0968344467686, 1015.995, 480.1, 1126.687, 1097.078, 1279.418, 1454.004, 634.635, 702.498, 731.624, 1033.646, 1079.297, 827.712, 960.676, 795.734, 836.72, 643.166, 635.618, 1626.266, 1111.881, 633.683, 644.7661688039386, 1306.259, 1215.264, 777.353, 813.986, 1419.876, 1004.464, 1477.094, 615.409, 624.363, 1260.016, 1141.342, 1129.651, 794.611, 669.332, 659.024, 1370.77, 828.516, 349.071, 1079.421, 1744.172, 1141.652, 1080.827, 1286.556, 1445.1, 920.361, 1177.231, 764.435, 1219.872, 942.83, 1534.386, 1227.793, 1166.951, 353.942, 528.92, 897.805, 1088.25, 1100.24, 639.011, 634.982, 873.016, 1171.059, 828.206, 35.617412692464114, 924.343, 433.621, 427.12, 1636.165, 1691.244, 1236.282, 702.418, 413.092, 1528.865, 1027.51, 1643.246, 1207.471, 1243.539, 1234.611, 935.668, 759.756, 1104.574, 1154.951, 1692.097, 1478.125, 1285.493, 582.8377726481824, 1239.756, 904.223, 167.80635834030815, 730.26, 1170.385, 1373.011, 1301.711, 442.252, 736.644, 166.11047524062158, 32.134197820011224, 223.59896859762162, 517.397, 81.27611071812203, 642.049, 923.751, 574.649, 1531.662, 734.2996134692517, 791.417, 1099.126, 898.465, 585.361, 685.36, 632.413, 1192.6296715031206, 950.427, 649.507, 770.662, 878.778, 835.214, 654.726, 1059.641, 1026.312, 1258.005, 1235.159, 490.441, 1102.085, 814.719, 864.24, 542.2, 905.606, 150.50788546162028, 592.72, 627.788, 638.407, 410.171, 927.723, 1206.021, 885.018, 862.358, 935.675, 946.213, 945.937, 911.183, 929.256], [622.381, 607.148, 627.087, 673.178, 11.149258840994353, 29.143122413422063, 1172.067, 1149.599, 1406.535, 1020.287, 805.995, 561.306, 0, 958.947, 1018.304, 798.297, 527.66, 1338.244, 660.126, 953.067, 1209.078, 915.061, 905.833, 811.277, 523.513, 784.06, 797.479, 174.94621055422203, 1031.071, 597.293, 625.829, 999.756, 659.57, 318.178809288641, 612.152, 650.527, 908.993, 710.5204333787659, 1565.814, 1029.92, 999.46, 1133.15, 1075.149, 923.543, 67.23582919789555, 132.11671803494298, 161.49256373273278, 490.765, 536.417, 1009.952, 1595.297, 387.602, 458.841, 962.351, 976.335, 1083.385, 581.42, 206.0778263657851, 270.73119319882505, 1063.824, 1049.119, 380.094, 852.591, 876.996, 461.583, 946.633, 542.217, 551.172, 908.258, 975.196, 963.643, 661.577, 851.571, 869.776, 1006.402, 587.971, 196.9003246834551, 536.541, 1213.712, 598.772, 537.946, 756.095, 997.55, 389.9, 1213.303, 946.675, 689.411, 683.921, 1003.674, 1023.524, 975.865, 162.71216860885372, 666.082, 1080.045, 1055.621, 624.421, 628.947, 624.918, 680.576, 1682.073, 1272.909, 629.009, 900.44, 137.45700256736728, 132.9755981068639, 1151.752, 1159.793, 1045.195, 115.43346838328588, 688.517, 998.404, 484.63, 1158.833, 677.011, 794.504, 889.494, 405.207, 189.7740345474778, 561.694, 1050.778, 1160.646, 947.665, 913.852, 731.1865492223108, 1275.828, 373.762, 594.034, 146.5225195982423, 639.924, 842.551, 771.25, 655.997, 170.80837614406084, 665.038, 652.337, 849.312, 55.77971117942313, 669.938, 71.30505288821409, 962.356, 17.248013671100676, 1000.983, 307.06478563479254, 1117.254, 1432.145, 937.07, 24.438780773926492, 88.96888739903083, 51.482362786944755, 765.8770949699314, 691.518, 1199.327, 1320.482, 834.8, 673.705, 865.478, 1046.999, 1041.0, 916.372, 915.632, 176.41789392561978, 1138.157, 1105.856, 658.173, 45.99707544799418, 1043.643, 611.624, 30.137451626191336, 796.991, 807.61, 122.33119207128985, 397.263, 1840.641, 949.866, 900.963, 898.263, 902.234, 882.034, 1093.423, 1563.876], [1023.623, 1013.154, 1091.563, 1237.24, 949.669, 921.681, 124.264, 167.986, 442.149, 682.289, 168.76360167532323, 1501.827, 958.947, 0, 1431.397, 190.8081242892085, 874.062, 1676.609, 1428.613, 47.51134767940735, 1480.353, 217.63000758601575, 150.48625322634288, 200.281, 597.501, 812.777, 1286.54, 829.775, 153.1254412426887, 644.855, 1026.256, 103.5162268713878, 808.672, 434.131792499769, 1244.129, 1255.808, 1391.138, 356.85421010952956, 2248.436, 1736.545, 732.269, 94.16692919357249, 535.493, 441.896, 897.707, 873.075, 820.099, 511.789, 474.025, 226.01908419259345, 2047.549, 856.608, 855.667, 1414.603, 1428.587, 208.869, 829.428, 1132.061, 639.9260953874915, 553.761, 645.174, 871.853, 129.45341906294567, 270.833, 499.767, 419.375, 1004.958, 995.757, 399.339, 728.33, 697.65, 855.204, 1298.582, 1341.264, 479.899, 831.148, 1164.721, 481.905, 348.758, 412.454, 554.769, 627.818, 225.163, 974.722, 197.554126367288, 1359.768, 677.118, 1556.663, 136.479, 497.156, 632.828, 1174.153, 1162.207, 1418.41, 105.88284585511042, 589.291, 1036.739, 1037.937, 801.42, 2020.438, 1611.274, 1639.731, 112.11167493156691, 1142.567, 1088.812, 185.694, 92.633, 605.339, 859.171, 1267.466, 545.769, 869.833, 176.208, 701.571, 378.523, 427.944, 960.627, 787.927, 494.789, 784.649, 93.486, 495.029, 376.522, 294.9778150809162, 1413.166, 986.508, 1403.356, 776.977, 745.115, 528.308, 606.862, 1241.815, 809.744, 1467.202, 1654.3, 1661.079, 1012.325, 1631.292, 902.734, 103.95062236835696, 963.614, 105.395, 864.7248999975595, 1486.589, 1770.51, 112.13538964291479, 931.397, 926.31, 929.52, 1158.6157718279171, 1564.26, 1881.949, 2003.104, 186.83810669198957, 159.20396163514295, 1347.674, 75.52322730732705, 27.953036301376386, 407.453, 417.16, 1117.6, 102.55963039850612, 1444.221, 800.843, 1020.532, 183.47212760653053, 1420.946, 920.108, 1227.89, 1238.509, 1118.348, 971.597, 2292.893, 140.56192942394296, 132.38481888021988, 97.31132411458465, 152.50730683154762, 185.86321647069065, 1413.945, 2016.128], [486.046, 497.032, 444.214, 377.924, 1010.277, 960.728, 1447.601, 1410.562, 1566.932, 724.457, 465.446, 836.064, 1018.304, 1431.397, 0, 506.498, 1497.396, 324.376, 598.653, 365.696, 152.0890662100684, 113.63359360856755, 506.585, 1304.931, 1241.355, 705.739, 204.85470367210726, 1087.308, 150.4732018747995, 839.265, 485.441, 190.48343540430227, 631.338, 443.7283272712354, 438.924, 425.848, 156.92602003764677, 82.31596324793708, 873.837, 652.291, 666.339, 333.201, 917.694, 1664.712, 941.395, 1059.89, 1062.845, 1146.026, 1151.283, 75.25427180081975, 630.633, 792.374, 721.031, 128.073194480414, 136.43306862783766, 1640.659, 1452.763, 1191.305, 754.0053392732733, 944.535, 755.591, 751.19, 238.3983992371235, 1434.591, 1085.115, 1613.829, 585.282, 580.84, 1033.84, 684.837, 707.642, 623.815, 156.11337495435615, 151.82183073067415, 1065.413, 690.8, 1047.014, 1197.233, 1780.548, 1061.713, 1198.623, 1497.264, 1218.924, 1277.943, 388.001, 78.08121262166979, 1430.58, 1500.451, 1328.719, 922.811, 766.893, 782.078, 365.341, 51.87291379500269, 452.184, 971.082, 475.432, 471.403, 661.206, 668.205, 221.10922705489887, 809.77, 456.153, 901.687, 971.105, 1409.99, 1510.25, 794.365, 1033.639, 408.429, 1739.573, 1471.172, 1417.071, 1418.179, 1062.544, 1008.435, 1293.25, 1090.977, 1222.387, 670.001, 1511.103, 1688.834, 1059.317, 19.901906673426723, 415.652, 1261.805, 609.862, 1061.481, 1386.227, 1583.719, 1512.419, 397.843, 1067.865, 637.241, 824.339, 567.409, 956.346, 801.331, 921.847, 192.43712618722196, 1027.316, 1350.668, 962.4129893033473, 60.47072033844248, 418.277, 192.020681271256, 947.486, 895.354, 915.153, 1333.2047438578657, 1508.048, 589.554, 710.708, 543.001, 623.404, 169.1880124476787, 422.126, 375.549, 989.937, 1008.983, 1061.389, 338.209, 71.10277178704763, 651.964, 994.867, 110.02577283238703, 649.202, 967.318, 225.6601068953704, 217.12013144057968, 838.308, 1285.306, 875.977, 167.59735804903087, 194.06672223568174, 420.039, 514.58, 544.225, 59.51821181224879, 599.212], [195.71644326349067, 193.65799645234247, 201.39282347737077, 414.303, 789.019, 754.649, 984.799, 947.76, 1104.129, 358.846, 36.55043694651324, 842.276, 798.297, 190.8081242892085, 506.498, 0, 1076.627, 823.753, 604.795, 149.02671770941572, 694.587, 366.713, 92.43079823464157, 841.421, 820.586, 153.98829342815998, 414.496, 834.79, 403.395, 392.147, 176.30862451534875, 240.5461469491732, 144.5793556098835, 282.61102235919145, 431.48, 431.99, 463.554, 410.1203195587921, 1320.852, 913.083, 246.95597816711933, 396.373, 489.58, 1267.032, 735.765, 854.261, 816.587, 725.257, 714.708, 426.859, 1119.965, 423.591, 352.249, 487.019, 501.003, 1177.148, 1031.993, 1035.677, 449.11800188459296, 516.421, 387.092, 438.217, 142.95210614788516, 998.017, 682.349, 1244.511, 241.70877286240497, 237.35946080118032, 568.878, 238.38276944759363, 242.71770292042078, 146.79464750875985, 370.997, 413.679, 637.299, 187.15720574147232, 977.076, 776.464, 1317.037, 625.139, 777.853, 1076.495, 755.413, 1177.288, 565.772, 432.183, 1009.811, 1400.854, 865.208, 494.696, 338.779, 712.14, 325.969, 565.553, 205.02096285118373, 523.965, 201.4391881324324, 200.61192565495352, 149.05504458687133, 1167.582, 758.417, 815.913, 84.64589940792811, 831.749, 901.166, 946.479, 1046.739, 408.109, 828.01, 444.004, 1318.804, 1050.403, 953.56, 997.41, 599.034, 544.924, 1163.192, 838.459, 801.618, 326.779, 1047.592, 1268.064, 595.807, 371.1737830934505, 628.297, 1056.176, 616.005, 760.858, 965.458, 1162.95, 1091.65, 417.997, 817.324, 643.384, 830.482, 837.261, 853.906, 807.474, 716.217, 217.71573736198363, 805.194, 887.157, 673.9330984507548, 577.661, 917.654, 205.9345157012172, 741.856, 689.725, 709.523, 981.1039306179632, 1408.451, 954.364, 1075.519, 24.716747813162897, 34.684471306586076, 439.811, 202.58325886784561, 203.94727774107147, 561.823, 545.472, 961.792, 396.862, 591.364, 156.90891945578815, 865.37, 415.968, 655.345, 761.689, 234.47858822859507, 242.52606162103666, 768.369, 1174.162, 1365.309, 220.17384661950518, 190.01128530766997, 97.15320823581726, 96.35858418075702, 84.45339201165193, 578.931, 1088.544], [1019.048, 1008.579, 1086.989, 1110.005, 528.948, 498.166, 967.143, 1010.866, 1285.029, 1128.515, 1117.977, 1058.121, 527.66, 874.062, 1497.396, 1076.627, 0, 1822.142, 1154.951, 1265.035, 1692.976, 1365.102, 1119.812, 704.212, 198.16604642526121, 921.508, 1284.406, 473.696, 1401.785, 708.694, 1024.121, 1370.47, 900.917, 655.4185681806032, 1042.745, 1081.119, 1389.054, 1072.9272805194817, 2060.639, 1524.744, 1136.909, 1397.032, 973.323, 436.442, 501.832, 414.653, 440.177, 353.757, 387.469, 1425.248, 2075.359, 750.76, 789.894, 1442.412, 1456.396, 700.998, 39.5882393642781, 513.172, 367.9087113660682, 992.734, 1093.3, 767.156, 1223.305, 499.242, 429.897, 459.532, 1004.734, 995.533, 837.169, 1112.645, 1101.092, 947.449, 1331.633, 1349.837, 935.313, 867.182, 725.157, 372.274, 726.61, 498.991, 237.57291079379036, 198.5116842218593, 857.078, 110.0457256306662, 1584.017, 1430.573, 158.47467772403596, 890.502, 896.608, 934.986, 1064.565, 734.589, 1160.072, 1563.943, 1272.433, 556.175, 1034.604, 1035.802, 893.665, 2165.971, 1756.807, 1123.834, 1183.681, 703.002, 649.247, 1029.635, 868.993, 1053.465, 430.947, 1119.109, 511.303, 55.9025513314503, 1020.149, 141.95365960065047, 723.415, 818.405, 98.92094280637724, 233.60548444017016, 397.427, 1188.227, 865.542, 460.563, 842.763, 1079.7642043197243, 1646.542, 122.46027358352686, 1088.859, 504.105, 114.02374705777846, 355.449, 214.5055516846843, 1086.589, 243.0205151993567, 1159.863, 1147.161, 1344.137, 572.761, 1164.763, 516.971, 1333.07, 544.8, 893.917, 142.9498246984923, 1597.315, 1916.043, 1307.784, 512.96, 540.547, 513.457, 417.22059051699733, 937.039, 1694.151, 1815.306, 1113.829, 919.926, 1345.54, 1263.811, 1287.792, 845.283, 844.543, 625.769, 1397.521, 1589.754, 893.088, 527.489, 1414.357, 1106.448, 494.104, 1238.74, 1249.359, 678.784, 106.84504664127743, 2320.703, 1320.58, 1271.677, 1235.762, 1114.17, 1080.399, 1577.321, 2043.938], [805.986, 816.972, 764.154, 697.864, 1330.217, 1280.668, 1711.671, 1674.632, 1796.255, 1018.025, 785.387, 968.017, 1338.244, 1676.609, 324.376, 823.753, 1822.142, 0, 916.929, 657.544, 408.538, 468.961, 798.433, 1557.818, 1559.632, 1024.016, 573.234, 1405.585, 478.845, 1157.542, 803.717, 526.927, 949.615, 664.3491217927714, 757.201, 744.124, 504.225, 266.641223183869, 558.57, 523.861, 958.187, 625.049, 1209.542, 1982.989, 1259.671, 1378.167, 1381.122, 1464.303, 1469.56, 436.283, 315.366, 1110.65, 1039.308, 413.842, 402.804, 1893.546, 1771.039, 1509.581, 996.7724380729345, 1236.383, 1047.439, 1069.467, 625.385, 1752.868, 1403.392, 1960.909, 903.559, 899.117, 1288.84, 976.685, 999.49, 942.092, 490.978, 515.803, 1357.261, 1009.077, 1365.291, 1515.51, 2033.435, 1379.99, 1516.9, 1815.541, 1491.529, 1596.22, 601.329, 424.732, 1748.857, 1818.728, 1601.323, 1214.658, 1058.74, 1100.355, 683.618, 273.547, 744.032, 1289.359, 793.709, 789.68, 979.483, 352.939, 79.45478019056335, 939.69, 748.0, 1219.964, 1289.381, 1682.594, 1763.137, 1086.212, 1351.916, 726.706, 2057.85, 1789.449, 1689.675, 1736.456, 1380.821, 1326.712, 1611.527, 1409.254, 1540.664, 961.849, 1763.99, 2007.11, 1326.075, 304.4991485478104, 628.98, 1580.082, 773.309, 1379.758, 1704.504, 1901.996, 1830.696, 716.12, 1386.142, 684.889, 926.999, 671.301, 1274.623, 849.056, 1240.124, 543.445, 1345.592, 1603.555, 1184.5247243676833, 240.3105579534233, 84.64836166935173, 553.288, 1265.763, 1213.631, 1233.429, 1590.4184076020872, 1826.325, 426.302, 536.039, 861.754, 941.681, 523.165, 713.973, 667.397, 1281.785, 1299.997, 1379.666, 630.056, 235.62531714252802, 970.24, 1313.144, 433.577, 737.489, 1285.595, 641.957, 601.749, 1156.584, 1603.583, 560.71, 543.694, 569.98, 717.966, 806.427, 836.072, 328.995, 283.945], [414.159, 425.145, 387.343, 170.94043054039705, 652.099, 684.068, 1444.817, 1407.778, 1564.148, 950.021, 592.549, 173.88460642423473, 660.126, 1428.613, 598.653, 604.795, 1154.951, 916.929, 0, 677.971, 790.347, 562.578, 713.321, 1300.332, 1081.904, 750.815, 347.243, 850.378, 714.383, 805.626, 433.964, 724.66, 626.739, 286.3950791368882, 165.86473355373528, 146.24906571240976, 461.749, 363.51708323698193, 951.853, 415.958, 890.196, 860.587, 1048.644, 1507.493, 728.926, 796.79, 825.915, 989.393, 1081.517, 591.221, 896.534, 636.406, 651.266, 515.107, 529.091, 1636.06, 1206.172, 832.929, 582.7430730707748, 1075.484, 978.773, 618.024, 577.495, 1364.826, 934.913, 1544.064, 429.955, 438.91, 1029.242, 904.851, 893.16, 574.431, 432.84, 422.532, 1139.995, 643.062, 569.133, 1040.6, 1775.949, 991.948, 1041.99, 1340.045, 1214.325, 1014.652, 940.74, 527.944, 1273.361, 1142.076, 1324.12, 997.018, 930.46, 423.703, 235.4519278451679, 661.314, 851.758, 914.786, 402.519, 398.491, 656.607, 1106.917, 631.524, 176.30902262570848, 687.852, 543.312, 612.729, 1405.391, 1505.651, 999.791, 796.71, 144.34687275262428, 1582.354, 1121.801, 1412.472, 1260.961, 1057.945, 1003.836, 1029.959, 854.047, 1065.754, 918.46, 1506.504, 1531.615, 1054.718, 414.41062245565956, 1003.264, 998.514, 36.547856142763585, 824.552, 1229.008, 1426.501, 1355.2, 160.22138690729085, 830.935, 31.610825357296907, 182.4114904483873, 166.66259523106555, 597.971, 145.86641272141992, 736.34, 687.26, 668.94, 1346.069, 721.4753485957623, 670.01, 828.364, 661.974, 679.652, 685.999, 705.797, 1166.1976986762052, 1149.673, 585.365, 706.52, 642.287, 618.805, 418.235, 823.15, 789.821, 1027.231, 1004.384, 710.504, 865.594, 687.125, 647.365, 636.492, 669.115, 27.96711763795124, 687.011, 391.297, 401.916, 479.932, 1022.015, 1141.879, 648.526, 625.867, 699.184, 709.722, 709.446, 674.692, 865.114], [400.807, 404.679, 344.795, 486.49, 943.789, 909.419, 1084.306, 1047.267, 1168.89, 390.661, 123.63454157796511, 914.463, 953.067, 47.51134767940735, 365.696, 149.02671770941572, 1265.035, 657.544, 677.971, 0, 463.504, 195.92959408047867, 127.84792817402933, 931.482, 1029.884, 356.881, 439.629, 1036.045, 161.17705519077305, 601.445, 387.333, 106.89514201026877, 452.133, 386.7575000514741, 504.119, 504.629, 449.93, 341.1536395584261, 1209.221, 898.631, 331.85, 136.57227061001905, 583.206, 1357.093, 890.132, 1008.628, 1011.582, 934.555, 924.006, 213.61277328332585, 966.016, 618.334, 546.991, 439.418, 453.402, 1267.21, 1241.291, 1190.044, 597.1465511738674, 610.046, 421.102, 632.959, 88.03869416597666, 1193.471, 911.075, 1334.573, 487.973, 478.772, 662.503, 350.348, 373.153, 444.609, 357.374, 400.056, 730.924, 511.595, 1078.794, 985.762, 1407.098, 834.436, 987.151, 1285.792, 865.192, 1226.681, 238.19895265826955, 354.956, 1219.109, 1532.231, 974.987, 588.322, 432.404, 813.858, 398.608, 401.561, 128.0239959968939, 733.262, 424.521, 420.493, 421.798, 1003.589, 594.425, 888.552, 79.52920300647715, 933.467, 1002.884, 1056.258, 1136.8, 459.876, 982.377, 516.643, 1460.967, 1259.7, 1063.339, 1206.708, 795.143, 699.098, 1241.988, 1039.714, 1010.915, 335.512, 1137.654, 1410.227, 699.739, 284.3340292384016, 396.317, 1210.543, 688.644, 955.601, 1174.755, 1372.248, 1300.947, 490.635, 1016.602, 716.023, 903.121, 813.749, 1008.273, 880.113, 870.584, 94.65247168839807, 959.561, 977.219, 821.6042412192124, 469.74, 753.661, 94.48074648225835, 896.223, 844.092, 863.89, 1125.2478159844295, 1539.828, 906.763, 1027.918, 148.8210569312861, 115.75269948184153, 426.188, 103.58519927940968, 71.06255782512991, 655.448, 673.66, 1093.169, 146.32813566029253, 427.372, 430.675, 1019.737, 178.1100461031585, 727.984, 916.056, 243.65641624278655, 246.6467670691854, 870.087, 1234.043, 1211.361, 121.36284955571745, 103.98648141542819, 52.37569578366133, 131.05697509841076, 160.0465572929925, 397.097, 934.596], [676.82, 687.806, 634.988, 568.698, 1201.051, 1151.501, 1515.414, 1478.375, 1599.998, 806.815, 656.22, 1026.838, 1209.078, 1480.353, 152.0890662100684, 694.587, 1692.976, 408.538, 790.347, 463.504, 0, 231.56616490663842, 586.623, 1333.685, 1431.64, 788.382, 445.241, 1277.592, 165.67246201894548, 1029.55, 675.725, 219.6212443047109, 821.623, 580.5426382034975, 629.209, 616.132, 411.795, 223.49832982231112, 958.866, 805.328, 734.054, 247.5088181047276, 985.409, 1759.297, 1131.679, 1250.175, 1253.129, 1336.311, 1341.567, 185.48090607490963, 715.661, 982.658, 911.316, 346.458, 335.42, 1669.413, 1643.047, 1381.589, 872.6026818922809, 1012.25, 823.306, 941.474, 479.857, 1595.674, 1275.4, 1736.776, 775.566, 771.125, 1064.707, 752.551, 775.357, 814.099, 362.986, 405.915, 1133.128, 881.085, 1237.299, 1387.518, 1809.302, 1251.998, 1388.907, 1687.548, 1267.396, 1468.228, 202.74853383466782, 228.18384472167907, 1620.865, 1690.736, 1377.19, 990.525, 834.607, 972.363, 555.626, 127.47296526324625, 501.616, 1161.367, 665.716, 661.688, 851.491, 556.98, 344.07, 1